------------------------------------------------------------------------------------------------------------------------------------------------------------------------------
  Bin Id                        Marker lineage      # genomes   # markers   # marker sets   0     1    2    3   4   5+   Completeness   Contamination   Strain heterogeneity  
------------------------------------------------------------------------------------------------------------------------------------------------------------------------------
  METABAT_VerySensitive.1   k__Bacteria (UID3187)      2258        181           110        7    165   7    2   0   0       96.31            9.09              23.08          
  METABAT_VerySpecific.1    k__Bacteria (UID3187)      2258        181           110        9    165   7    0   0   0       94.94            6.36              14.29          
  METABAT_VerySensitive.3    k__Bacteria (UID203)      5449        104            58        5     45   35   9   8   2       93.81           48.29              12.31          
  METABAT_VerySensitive.2   k__Bacteria (UID1452)      924         151           101        12   125   14   0   0   0       91.66            7.11              14.29          
  METABAT_VerySensitive.4   k__Bacteria (UID3187)      2258        190           119        45   104   36   5   0   0       74.69           23.58              11.76          
  METABAT_VerySpecific.2    k__Bacteria (UID1452)      924         151           101        47   103   1    0   0   0       67.87            0.99               0.00          
  METABAT_VerySpecific.4    k__Bacteria (UID3187)      2258        190           119        83    96   11   0   0   0       56.64            5.47              18.18          
  METABAT_VerySpecific.3     k__Bacteria (UID203)      5449        104            58        35    41   22   6   0   0       54.53            9.17              32.50          
------------------------------------------------------------------------------------------------------------------------------------------------------------------------------
